"Bio01" "Bio02" "Bio03" "Bio04" "Bio05" "Bio06" "Bio07" "Bio08" "Bio09" "Bio10" "Bio11" "Bio12" "Bio13" "Bio14" "Bio15" "Bio16" "Bio17" "Bio18" "Bio19" "Bio20" "Bio21" "bulk_dens" "cation_exchange_capacity" "vol_fraction_coarse" "clay_prop" "nitrogen" "org_C_dens" "org_C_stock" "soil_pH" "sand_prop" "silt_prop" "soil_org_carbon"
"Bio01" 1 0.152159701554642 -0.0208973167736583 0.0681696213050533 0.709376440811341 0.66523527114407 0.170907126899347 0.709695559771869 0.788821335697113 0.924371261487184 0.865367610486743 0.0533886829819764 0.12286779551086 -0.0175497659607909 0.212962534619901 0.144788694114689 -0.0380836893310112 -0.0883594992074765 0.106681906544804 0.303129753603208 -0.0899338535842792 0.270431329840076 -0.298460041152202 -0.146145133727398 -0.0552974676288151 -0.40417905822925 -0.439773598308155 -0.501752027464266 -0.0416735067536539 0.0413511585484656 -0.0165087568767162 -0.0695969130754207
"Bio02" 0.152159701554642 1 0.194586517460523 0.743472963161136 0.74286264819121 -0.588590334844106 0.953631409686932 0.493935857795102 -0.271542776539927 0.384405692086225 -0.232569987264957 -0.591784108605702 -0.540838079964317 -0.403787568527438 0.314667714535277 -0.536048830240818 -0.452112230804417 -0.322269036821259 -0.430659526578311 0.523470768868005 0.0315232347130026 0.475618251918097 0.210000110511536 -0.00649373404976758 -0.124236644454566 -0.150809222772884 -0.262609846537295 -0.224327369518019 0.732128071444643 0.492692468616693 -0.513921041291814 -0.269810027161791
"Bio03" -0.0208973167736583 0.194586517460523 1 -0.338216900175368 -0.0986283479084378 0.0219227451338854 -0.0927238008958513 -0.0297987526300007 -0.0292508238674055 -0.17877896751132 0.0862965215381563 0.303124170092759 0.186880450468715 0.336970785567947 -0.168921978033046 0.206468052143149 0.327796185714928 0.403352446238449 0.291413923675111 -0.170530585336657 -0.00197517870469042 -0.215307260206348 0.00213842244856684 -0.168250264907406 0.204736013177356 0.115204381884599 0.325882408507736 0.276714741875655 -0.205345995611115 -0.248912111954588 0.175951004482585 0.333121775618323
"Bio04" 0.0681696213050533 0.743472963161136 -0.338216900175368 1 0.608298873369282 -0.605370198005563 0.855265503678511 0.477846502296699 -0.363486394187078 0.401825538064658 -0.416804163683395 -0.799985090878926 -0.741901079013972 -0.515358077516473 0.240416798007213 -0.761216815380721 -0.555241742171775 -0.489271302821584 -0.613877600174073 0.431196331563332 0.202102962944589 0.602115549523409 0.315332264285123 0.02777086656047 -0.244234634848484 -0.165202727930112 -0.4132851128939 -0.386638175502972 0.829983902553013 0.685004929418891 -0.672427783966221 -0.419147911832936
"Bio05" 0.709376440811341 0.74286264819121 -0.0986283479084378 0.608298873369282 1 0.0135684536810275 0.797980621706737 0.749155936159994 0.313870404831929 0.868440313664311 0.364573703405198 -0.449056962247563 -0.314905488921005 -0.404882772874665 0.450922040461435 -0.306301709823676 -0.448939309950873 -0.399757520557208 -0.314483875230194 0.650123864980565 -0.0942715016543556 0.560128407014856 -0.0963950515484968 -0.0232182346157708 -0.210789508984714 -0.413676763743077 -0.556255620747422 -0.54095163911825 0.524740318889376 0.421128842461548 -0.377349471809082 -0.330503948364793
"Bio06" 0.66523527114407 -0.588590334844106 0.0219227451338854 -0.605370198005563 0.0135684536810275 1 -0.59180026340929 0.169723456334198 0.841596554313273 0.409204444641698 0.903062223424565 0.531879381796934 0.579981018188611 0.277751773759036 0.0050850076271309 0.592056853553529 0.297929771666568 0.197484290154065 0.428518483937793 -0.10565992532701 -0.18264588655428 -0.160471683104233 -0.47362694845846 -0.0969300104963728 0.04316654110823 -0.23135511200011 -0.123563865613313 -0.195955026170713 -0.619994656603758 -0.387768217008111 0.436975202866287 0.162860319119622
"Bio07" 0.170907126899347 0.953631409686932 -0.0927238008958513 0.855265503678511 0.797980621706737 -0.59180026340929 1 0.501639813761508 -0.254233317512648 0.453457536118422 -0.250406135351657 -0.682595475977381 -0.603440791214503 -0.493811544655351 0.360449863467739 -0.603783350508785 -0.541490170022684 -0.441299466776427 -0.511808588899966 0.587788423255924 0.0340899201418079 0.548274950118058 0.207763517040466 0.0397058722729087 -0.195947968480049 -0.194042530174902 -0.373953682564296 -0.317983296421457 0.796718760488299 0.573219614148039 -0.567585436673085 -0.364600883329621
"Bio08" 0.709695559771869 0.493935857795102 -0.0297987526300007 0.477846502296699 0.749155936159994 0.169723456334198 0.501639813761508 1 0.271356407426272 0.785672628349501 0.389358828690599 -0.405395257897929 -0.308950191482422 -0.348530099374188 0.297214039166498 -0.30536278137613 -0.369973176587921 -0.226539379331176 -0.403033337353169 0.402045271248453 -0.0951356456110448 0.524484416389979 -0.0596969962067953 -0.27106521389159 -0.193306633288595 -0.358648523933818 -0.464927098355931 -0.546903139674622 0.397758747424263 0.335029327322106 -0.285120408301264 -0.227949244662231
"Bio09" 0.788821335697113 -0.271542776539927 -0.0292508238674055 -0.363486394187078 0.313870404831929 0.841596554313273 -0.254233317512648 0.271356407426272 1 0.602843230514536 0.905543564113065 0.425192806201061 0.491401192117994 0.228858721375248 0.0732171612542388 0.502082163903996 0.230576659875672 0.0253733132510876 0.441024654808139 0.0377275277494677 -0.120779894953552 -0.0239320921836022 -0.400004364990796 0.0131641703394786 0.0402190140510035 -0.279181020991427 -0.256567993966688 -0.254052112884024 -0.417993399110033 -0.210838421112075 0.227918325682636 0.0477366942403527
"Bio10" 0.924371261487184 0.384405692086225 -0.17877896751132 0.401825538064658 0.868440313664311 0.409204444641698 0.453457536118422 0.785672628349501 0.602843230514536 1 0.659171716718456 -0.249027048012828 -0.115093052197964 -0.27254170744662 0.37599913271593 -0.107597316097489 -0.302794840908286 -0.316315825205299 -0.158515393211639 0.477608343567665 -0.0727758521735057 0.494560793281347 -0.234079233849718 -0.083298812030124 -0.183111880683085 -0.479038424528875 -0.595441513922989 -0.620345259482844 0.257025561176376 0.291477233230506 -0.239187856188607 -0.273026658496912
"Bio11" 0.865367610486743 -0.232569987264957 0.0862965215381563 -0.416804163683395 0.364573703405198 0.903062223424565 -0.250406135351657 0.389358828690599 0.905543564113065 0.659171716718456 1 0.420756394276765 0.492911812467244 0.178499571614964 0.153519847686856 0.518426534427239 0.180718929433309 0.104276340372409 0.36301989064295 0.115195712933404 -0.238039753355377 -0.0158259363134344 -0.478500599259369 -0.104090848749257 0.0249340459736834 -0.326113620033422 -0.23971502629254 -0.293283502458091 -0.434268137357891 -0.271906503648564 0.309647553962298 0.0779490285609895
"Bio12" 0.0533886829819764 -0.591784108605702 0.303124170092759 -0.799985090878926 -0.449056962247563 0.531879381796934 -0.682595475977381 -0.405395257897929 0.425192806201061 -0.249027048012828 0.420756394276765 1 0.862541828297776 0.784268177346384 -0.346257543393447 0.887011563996093 0.820049818336159 0.777572850750344 0.796872052705403 -0.450171699467136 -0.167058646502973 -0.651385994770702 -0.222235159621976 -0.020506077160394 0.400350192310075 0.264467658215466 0.512300187343769 0.452405279091416 -0.73592777651359 -0.699831158249022 0.597906357377176 0.545368964357695
"Bio13" 0.12286779551086 -0.540838079964317 0.186880450468715 -0.741901079013972 -0.314905488921005 0.579981018188611 -0.603440791214503 -0.308950191482422 0.491401192117994 -0.115093052197964 0.492911812467244 0.862541828297776 1 0.423007102816761 0.125902384735362 0.985931140171516 0.462491207924409 0.542721713203628 0.592109320069846 -0.15174013159199 -0.38397594245358 -0.397728871032865 -0.538953919987069 0.0320406263138215 0.307425337652108 -0.0415055212601989 0.227647652883207 0.17467573273382 -0.668014766712567 -0.586652061660744 0.517854159833984 0.252610099237486
"Bio14" -0.0175497659607909 -0.403787568527438 0.336970785567947 -0.515358077516473 -0.404882772874665 0.277751773759036 -0.493811544655351 -0.348530099374188 0.228858721375248 -0.27254170744662 0.178499571614964 0.784268177346384 0.423007102816761 1 -0.721524665945438 0.452400341766825 0.989620900314345 0.756347971258831 0.795342473287891 -0.581238213396733 0.2952668984734 -0.673228717596756 0.18346682177276 0.028183822155568 0.462482616841928 0.52776184525385 0.588047043621963 0.554939612037008 -0.544661937273412 -0.493120540351023 0.314859757607612 0.683303970919356
"Bio15" 0.212962534619901 0.314667714535277 -0.168921978033046 0.240416798007213 0.450922040461435 0.0050850076271309 0.360449863467739 0.297214039166498 0.0732171612542388 0.37599913271593 0.153519847686856 -0.346257543393447 0.125902384735362 -0.721524665945438 1 0.0902808273095557 -0.724624441422618 -0.436706400641608 -0.442946551566351 0.795926693029057 -0.470593840218245 0.571509338678468 -0.607960408498603 0.0890877511482204 -0.21836001049999 -0.619281151444539 -0.564194090185228 -0.572446987668411 0.259096413916752 0.321700259296698 -0.254350412323391 -0.5787870523929
"Bio16" 0.144788694114689 -0.536048830240818 0.206468052143149 -0.761216815380721 -0.306301709823676 0.592056853553529 -0.603783350508785 -0.30536278137613 0.502082163903996 -0.107597316097489 0.518426534427239 0.887011563996093 0.985931140171516 0.452400341766825 0.0902808273095557 1 0.492231192460461 0.569674907976445 0.628761493288408 -0.14926351459535 -0.408495526446629 -0.432684860620638 -0.523500096416805 0.0253964028554077 0.318072078112992 -0.0235336756144749 0.255224485210251 0.202531109474271 -0.688003922979684 -0.610371571525653 0.53986731932937 0.282177908081842
"Bio17" -0.0380836893310112 -0.452112230804417 0.327796185714928 -0.555241742171775 -0.448939309950873 0.297929771666568 -0.541490170022684 -0.369973176587921 0.230576659875672 -0.302794840908286 0.180718929433309 0.820049818336159 0.462491207924409 0.989620900314345 -0.724624441422618 0.492231192460461 1 0.787282807695518 0.779992104984569 -0.613426639388474 0.244638591197409 -0.684740048939438 0.173244895692512 -0.0171819081529707 0.441271804391053 0.510693632832455 0.614895984660452 0.56222004560054 -0.56798896669086 -0.539849850919043 0.383058709647463 0.683689015158563
"Bio18" -0.0883594992074765 -0.322269036821259 0.403352446238449 -0.489271302821584 -0.399757520557208 0.197484290154065 -0.441299466776427 -0.226539379331176 0.0253733132510876 -0.316315825205299 0.104276340372409 0.777572850750344 0.542721713203628 0.756347971258831 -0.436706400641608 0.569674907976445 0.787282807695518 1 0.520449860334244 -0.426005128423108 -0.0880922958758168 -0.549928893350317 -0.0196519404159532 -0.203980321401666 0.39018961732979 0.359968505376713 0.632451647849566 0.468612231238653 -0.440973292649181 -0.547331982808672 0.4220487136776 0.607472302525588
"Bio19" 0.106681906544804 -0.430659526578311 0.291413923675111 -0.613877600174073 -0.314483875230194 0.428518483937793 -0.511808588899966 -0.403033337353169 0.441024654808139 -0.158515393211639 0.36301989064295 0.796872052705403 0.592109320069846 0.795342473287891 -0.442946551566351 0.628761493288408 0.779992104984569 0.520449860334244 1 -0.377464026015177 0.178320753854118 -0.625511977891905 -0.0233769937625261 0.190367702430953 0.522684057919668 0.391706340008672 0.396273769577809 0.419886926236862 -0.614507409601343 -0.499451532080405 0.287018485957219 0.484011095601329
"Bio20" 0.303129753603208 0.523470768868005 -0.170530585336657 0.431196331563332 0.650123864980565 -0.10565992532701 0.587788423255924 0.402045271248453 0.0377275277494677 0.477608343567665 0.115195712933404 -0.450171699467136 -0.15174013159199 -0.581238213396733 0.795926693029057 -0.14926351459535 -0.613426639388474 -0.426005128423108 -0.377464026015177 1 -0.272601231057074 0.492519521269653 -0.355248137550623 0.0813350612161399 -0.147968340209836 -0.440514297675718 -0.531832876767638 -0.542107418118275 0.447562450806633 0.378766515021818 -0.363818492349444 -0.467657679509328
"Bio21" -0.0899338535842792 0.0315232347130026 -0.00197517870469042 0.202102962944589 -0.0942715016543556 -0.18264588655428 0.0340899201418079 -0.0951356456110448 -0.120779894953552 -0.0727758521735057 -0.238039753355377 -0.167058646502973 -0.38397594245358 0.2952668984734 -0.470593840218245 -0.408495526446629 0.244638591197409 -0.0880922958758168 0.178320753854118 -0.272601231057074 1 -0.0743902492191235 0.464595974115809 0.248448246390156 0.221118429188284 0.348686818751454 0.0263233560162538 0.115665071152896 0.0746123082141478 0.183875200703737 -0.34992367915466 0.146196602877322
"bulk_dens" 0.270431329840076 0.475618251918097 -0.215307260206348 0.602115549523409 0.560128407014856 -0.160471683104233 0.548274950118058 0.524484416389979 -0.0239320921836022 0.494560793281347 -0.0158259363134344 -0.651385994770702 -0.397728871032865 -0.673228717596756 0.571509338678468 -0.432684860620638 -0.684740048939438 -0.549928893350317 -0.625511977891905 0.492519521269653 -0.0743902492191235 1 -0.23898785389929 -0.111829113404781 -0.458544559816923 -0.668714386500327 -0.73446170574617 -0.72600684845173 0.552116762282266 0.633656439547551 -0.484910693870193 -0.611293659195387
"cation_exchange_capacity" -0.298460041152202 0.210000110511536 0.00213842244856684 0.315332264285123 -0.0963950515484968 -0.47362694845846 0.207763517040466 -0.0596969962067953 -0.400004364990796 -0.234079233849718 -0.478500599259369 -0.222235159621976 -0.538953919987069 0.18346682177276 -0.607960408498603 -0.523500096416805 0.173244895692512 -0.0196519404159532 -0.0233769937625261 -0.355248137550623 0.464595974115809 -0.23898785389929 1 0.0299322343091396 0.072112110899367 0.525144572074204 0.306479932277065 0.366728857823042 0.366742961602276 0.0390108630667545 -0.0891523796907974 0.271170374781993
"vol_fraction_coarse" -0.146145133727398 -0.00649373404976758 -0.168250264907406 0.02777086656047 -0.0232182346157708 -0.0969300104963728 0.0397058722729087 -0.27106521389159 0.0131641703394786 -0.083298812030124 -0.104090848749257 -0.020506077160394 0.0320406263138215 0.028183822155568 0.0890877511482204 0.0253964028554077 -0.0171819081529707 -0.203980321401666 0.190367702430953 0.0813350612161399 0.248448246390156 -0.111829113404781 0.0299322343091396 1 0.0897267407176508 0.274071690197352 -0.0216827655781545 0.152892993075543 0.00923310697125939 0.158738714290553 -0.241746858594752 0.0205182767317372
"clay_prop" -0.0552974676288151 -0.124236644454566 0.204736013177356 -0.244234634848484 -0.210789508984714 0.04316654110823 -0.195947968480049 -0.193306633288595 0.0402190140510035 -0.183111880683085 0.0249340459736834 0.400350192310075 0.307425337652108 0.462482616841928 -0.21836001049999 0.318072078112992 0.441271804391053 0.39018961732979 0.522684057919668 -0.147968340209836 0.221118429188284 -0.458544559816923 0.072112110899367 0.0897267407176508 1 0.432384704034904 0.43108069240111 0.345861144088032 -0.260637744763718 -0.546163978560245 0.0607804057253221 0.372054465901293
"nitrogen" -0.40417905822925 -0.150809222772884 0.115204381884599 -0.165202727930112 -0.413676763743077 -0.23135511200011 -0.194042530174902 -0.358648523933818 -0.279181020991427 -0.479038424528875 -0.326113620033422 0.264467658215466 -0.0415055212601989 0.52776184525385 -0.619281151444539 -0.0235336756144749 0.510693632832455 0.359968505376713 0.391706340008672 -0.440514297675718 0.348686818751454 -0.668714386500327 0.525144572074204 0.274071690197352 0.432384704034904 1 0.630015703361065 0.643199868267513 -0.0981151682644396 -0.321879116286969 0.128495621764976 0.523145908103332
"org_C_dens" -0.439773598308155 -0.262609846537295 0.325882408507736 -0.4132851128939 -0.556255620747422 -0.123563865613313 -0.373953682564296 -0.464927098355931 -0.256567993966688 -0.595441513922989 -0.23971502629254 0.512300187343769 0.227647652883207 0.588047043621963 -0.564194090185228 0.255224485210251 0.614895984660452 0.632451647849566 0.396273769577809 -0.531832876767638 0.0263233560162538 -0.73446170574617 0.306479932277065 -0.0216827655781545 0.43108069240111 0.630015703361065 1 0.867770224938189 -0.304610711008589 -0.57056176321017 0.425657384913339 0.685917252041399
"org_C_stock" -0.501752027464266 -0.224327369518019 0.276714741875655 -0.386638175502972 -0.54095163911825 -0.195955026170713 -0.317983296421457 -0.546903139674622 -0.254052112884024 -0.620345259482844 -0.293283502458091 0.452405279091416 0.17467573273382 0.554939612037008 -0.572446987668411 0.202531109474271 0.56222004560054 0.468612231238653 0.419886926236862 -0.542107418118275 0.115665071152896 -0.72600684845173 0.366728857823042 0.152892993075543 0.345861144088032 0.643199868267513 0.867770224938189 1 -0.287392654313117 -0.482549237503495 0.371095001498339 0.588831873196439
"soil_pH" -0.0416735067536539 0.732128071444643 -0.205345995611115 0.829983902553013 0.524740318889376 -0.619994656603758 0.796718760488299 0.397758747424263 -0.417993399110033 0.257025561176376 -0.434268137357891 -0.73592777651359 -0.668014766712567 -0.544661937273412 0.259096413916752 -0.688003922979684 -0.56798896669086 -0.440973292649181 -0.614507409601343 0.447562450806633 0.0746123082141478 0.552116762282266 0.366742961602276 0.00923310697125939 -0.260637744763718 -0.0981151682644396 -0.304610711008589 -0.287392654313117 1 0.504344808037669 -0.447425617604033 -0.377952523324079
"sand_prop" 0.0413511585484656 0.492692468616693 -0.248912111954588 0.685004929418891 0.421128842461548 -0.387768217008111 0.573219614148039 0.335029327322106 -0.210838421112075 0.291477233230506 -0.271906503648564 -0.699831158249022 -0.586652061660744 -0.493120540351023 0.321700259296698 -0.610371571525653 -0.539849850919043 -0.547331982808672 -0.499451532080405 0.378766515021818 0.183875200703737 0.633656439547551 0.0390108630667545 0.158738714290553 -0.546163978560245 -0.321879116286969 -0.57056176321017 -0.482549237503495 0.504344808037669 1 -0.86931954916127 -0.493440639296643
"silt_prop" -0.0165087568767162 -0.513921041291814 0.175951004482585 -0.672427783966221 -0.377349471809082 0.436975202866287 -0.567585436673085 -0.285120408301264 0.227918325682636 -0.239187856188607 0.309647553962298 0.597906357377176 0.517854159833984 0.314859757607612 -0.254350412323391 0.53986731932937 0.383058709647463 0.4220487136776 0.287018485957219 -0.363818492349444 -0.34992367915466 -0.484910693870193 -0.0891523796907974 -0.241746858594752 0.0607804057253221 0.128495621764976 0.425657384913339 0.371095001498339 -0.447425617604033 -0.86931954916127 1 0.368497468373123
"soil_org_carbon" -0.0695969130754207 -0.269810027161791 0.333121775618323 -0.419147911832936 -0.330503948364793 0.162860319119622 -0.364600883329621 -0.227949244662231 0.0477366942403527 -0.273026658496912 0.0779490285609895 0.545368964357695 0.252610099237486 0.683303970919356 -0.5787870523929 0.282177908081842 0.683689015158563 0.607472302525588 0.484011095601329 -0.467657679509328 0.146196602877322 -0.611293659195387 0.271170374781993 0.0205182767317372 0.372054465901293 0.523145908103332 0.685917252041399 0.588831873196439 -0.377952523324079 -0.493440639296643 0.368497468373123 1
